$ANSIBLE_VAULT;1.1;AES256
66663562356330306536366634636665663166623261383864393235303236643464336462393461
3733323965386136363137613761666662326239633064330a353638623533363339653139323231
64373238366362313861656564313538313066626534393730336536316263613738616638333632
3034356261616132390a396664333534626336663433653639346365373131663939386431623465
33353835313865333966353034393062356637626231383234323531353338396665626535323561
39653665346339383961326234333133373136616233623630626533363463616439353936643762
63373363323062366465356631666465653566656633313833363465663263323465356164326332
31363433393235303538303033353266643732393237613664303934313439616563336132333430
30643931316563306539323938656564396662366634363065643865666562393164303961373837
34343931643231306261343463366634363962393831336137633533656639303339303061393238
63613139396436383662326462653961626436396531383131623664376335333338633664313564
33626336613535643566653131666638643034663864303765343461653837643333343864366235
66333264363738656666346664316337373236303966616435616433326232343865
